-1.160518265121284615e-01
-1.090826267809904548e-01
-1.120162938430873251e-01
-1.104053913626852623e-01
-1.108386322945759672e-01
-1.106392722275291313e-01
-1.100832927659970706e-01
-1.113804073452310528e-01
-1.097500233872086700e-01
-1.131491427578515258e-01
-1.093909294872250637e-01
-1.119179387586317909e-01
-1.087470771131601732e-01
-1.113051739765865134e-01
-1.101207157439982320e-01
-1.091709033062695511e-01
-1.119690463008505277e-01
-1.081024832750451803e-01
-1.131796355903821327e-01
-1.085241129032439439e-01
-1.104639730798722408e-01
-1.103115622376310834e-01
-1.093732347240665981e-01
-1.095776225287973804e-01
-1.096887307085987057e-01
-1.104407850888271814e-01
-1.092304887150414849e-01
-1.119246139594605310e-01
-1.075353601061859732e-01
-1.114245734209166061e-01
-1.084475017917413964e-01
-1.087853533340214507e-01
-1.104194716833507284e-01
-1.088443163532529789e-01
-1.106917526283660719e-01
-1.088146264702702370e-01
-1.102070920915477203e-01
-1.082030729117244849e-01
-1.100814795176344452e-01
-1.079774828573117906e-01
-1.103607503815189350e-01
-1.092231785898870322e-01
-1.086205295004608051e-01
-1.101648117057684728e-01
-1.077150128836803639e-01
-1.098489034660980190e-01
-1.084523547801735238e-01
-1.098962436572351736e-01
-1.085286711242406804e-01
-1.096528755887794249e-01
-1.080614468677862372e-01
-1.089744794000911815e-01
-1.088125078455338540e-01
-1.084526975391906650e-01
-1.098966857865086161e-01
-1.080828837797589426e-01
-1.094357078512055992e-01
-1.079946038297502908e-01
-1.090607582348887550e-01
-1.081944034616351275e-01
-1.094576671080398633e-01
-1.083080411016520139e-01
-1.088812798136197246e-01
-1.083653851505054777e-01
-1.082632488307634089e-01
-1.087931479792771522e-01
-1.084851150576194162e-01
-1.090824766232701415e-01
-1.080578597027186949e-01
-1.089086781504107065e-01
-1.077654503441058675e-01
-1.089356367557628852e-01
-1.082972494708158984e-01
-1.088313396312721448e-01
-1.082241162215360070e-01
-1.083789792620043213e-01
-1.081821081602927365e-01
-1.084016256833279790e-01
-1.086365687301602823e-01
-1.083443275474562928e-01
-1.085125406390120423e-01
-1.079414154860538350e-01
-1.085492596137741794e-01
-1.080727324863177963e-01
-1.088058528907746014e-01
-1.080925132067459549e-01
-1.084803741750549333e-01
-1.079315760745842012e-01
-1.084428752453674843e-01
-1.082447220251368247e-01
-1.085314421029615756e-01
-1.081711047735471887e-01
-1.082331765080877528e-01
-1.081306062710115368e-01
-1.082950093790453483e-01
-1.084386010369697839e-01
-1.082470068228165300e-01
-1.082892998336055235e-01
-1.080432043031667039e-01
-1.083377281718561902e-01
-1.082573639644449359e-01
-1.084492626801892151e-01
-1.081317961124559079e-01
-1.082775740630574912e-01
-1.080863144211889892e-01
-1.084404275454006472e-01
-1.082522444826354013e-01
-1.083796777955996771e-01
-1.081077348086826317e-01
-1.082895984645909360e-01
-1.082308233751484300e-01
-1.084514314295831339e-01
-1.082470305166203517e-01
-1.083022575578473923e-01
-1.081818224328334604e-01
-1.083637346120934347e-01
-1.083586215164293459e-01
-1.083902216592826928e-01
-1.082552877958304766e-01
-1.083088468916064417e-01
-1.083286471449696753e-01
-1.084454909075263929e-01
-1.083858623871046811e-01
-1.083517411393829510e-01
-1.083253415557115795e-01
-1.084192432241400106e-01
-1.084562863977058256e-01
-1.084612538940790405e-01
-1.083918253895129746e-01
-1.084122854045782014e-01
-1.084695913222556429e-01
-1.085312714339242701e-01
-1.084992898872927797e-01
-1.084775707911306009e-01
-1.084817046429511767e-01
-1.085603284969857418e-01
-1.085876988124765963e-01
-1.085777075826120514e-01
-1.085436145097575383e-01
-1.085920603587949562e-01
-1.086368265598148392e-01
-1.086756621070339712e-01
-1.086426086439479105e-01
-1.086516074040729807e-01
-1.086843072409270361e-01
-1.087500821481622026e-01
-1.087451140722064113e-01
-1.087459373846186572e-01
-1.087501778741808700e-01
-1.088132741289625505e-01
-1.088399835741811622e-01
-1.088519867941812602e-01
-1.088411565480908588e-01
-1.088861427772455787e-01
-1.089268839910004227e-01
-1.089562919483901965e-01
-1.089510748562790565e-01
-1.089750417078388933e-01
-1.090163838889862680e-01
-1.090576512686218247e-01
-1.090680163606160408e-01
-1.090799673061788322e-01
-1.091160801279736359e-01
-1.091601057716105050e-01
-1.091863979163214676e-01
-1.091972089969290571e-01
-1.092272210329888055e-01
-1.092691931984404868e-01
-1.093060750379405699e-01
-1.093227136313675019e-01
-1.093485847035237379e-01
-1.093879949819086678e-01
-1.094293525875713602e-01
-1.094542336686900458e-01
-1.094788232129195044e-01
-1.095166995472107441e-01
-1.095590411174944684e-01
-1.095910656917616077e-01
-1.096172013943315093e-01
-1.096543196341341064e-01
-1.096970125313047745e-01
-1.097336033616053974e-01
-1.097632805232441888e-01
-1.098002317697232000e-01
-1.098437074389833623e-01
-1.098829612768344177e-01
-1.099166290864454498e-01
-1.099544658343264703e-01
-1.099988089449806389e-01
-1.100401834242194787e-01
-1.100771839510908817e-01
-1.101170689817928539e-01
-1.101622300390668885e-01
-1.102056409753701949e-01
-1.102454533330841369e-01
-1.102878634632748489e-01
-1.103342157313876998e-01
-1.103793815017260899e-01
-1.104219810992330131e-01
-1.104668977128349383e-01
-1.105148581407287695e-01
-1.105616657004018094e-01
-1.106070140790176015e-01
-1.106545032942766599e-01
-1.107041696734056141e-01
-1.107527999756054149e-01
-1.108008204926577145e-01
-1.108509222633402846e-01
-1.109023607281372226e-01
-1.109529855527393027e-01
-1.110037476046408234e-01
-1.110563596203847786e-01
-1.111096865217917340e-01
-1.111625096162530552e-01
-1.112160591687570144e-01
-1.112710919872846038e-01
-1.113264195745925778e-01
-1.113816973233812679e-01
-1.114380181228522282e-01
-1.114953942944745952e-01
-1.115529191769413231e-01
-1.116108576748012227e-01
-1.116698911389222004e-01
-1.117295990887721691e-01
-1.117895706511372461e-01
-1.118502993189388894e-01
-1.119119621114886276e-01
-1.119741059992878651e-01
-1.120367682776401419e-01
-1.121003149357888695e-01
-1.121645838881427382e-01
-1.122293610830872729e-01
-1.122948808960537309e-01
-1.123612266541682697e-01
-1.124281895809832732e-01
-1.124958147403039566e-01
-1.125642609690530593e-01
-1.126334316475664094e-01
-1.127032666694310903e-01
-1.127738885218486087e-01
-1.128452966660567630e-01
-1.129174139524268816e-01
-1.129903007888361788e-01
-1.130640003908460478e-01
-1.131384602610391032e-01
-1.132136973003547709e-01
-1.132897603059190572e-01
-1.133666262965183913e-01
-1.134442932986490515e-01
-1.135228002861763813e-01
-1.136021443010558907e-01
-1.136823200972810755e-01
-1.137633554067458974e-01
-1.138452573234025600e-01
-1.139280237033801213e-01
-1.140116744648827785e-01
-1.140962205710912281e-01
-1.141816641914964736e-01
-1.142680209988122808e-01
-1.143553030129541709e-01
-1.144435160387363704e-01
-1.145326738725035431e-01
-1.146227886957146003e-01
-1.147138689853939020e-01
-1.148059279421517337e-01
-1.148989778400104356e-01
-1.149930290905467750e-01
-1.150880949169560685e-01
-1.151841878792706775e-01
-1.152813198552683494e-01
-1.153795043855693064e-01
-1.154787545441962188e-01
-1.155790833970906234e-01
-1.156805049685850073e-01
-1.157830330363545657e-01
-1.158866816936484911e-01
-1.159914655779206022e-01
-1.160973993065280707e-01
-1.162044979158174673e-01
-1.163127767807172336e-01
-1.164222514457569080e-01
-1.165329378660061588e-01
-1.166448522742597471e-01
-1.167580111968960499e-01
-1.168724315338131176e-01
-1.169881304827596058e-01
-1.171051255956492010e-01
-1.172234347804956556e-01
-1.173430762889516032e-01
-1.174640687509214548e-01
-1.175864311650878652e-01
-1.177101829139922673e-01
-1.178353437757191507e-01
-1.179619339270413514e-01
-1.180899739588402442e-01
-1.182194848824960898e-01
-1.183504881412089926e-01
-1.184830056208750204e-01
-1.186170596598126320e-01
-1.187526730608533254e-01
-1.188898691020228854e-01
-1.190286715486129770e-01
-1.191691046651322528e-01
-1.193111932276599008e-01
-1.194549625366941592e-01
-1.196004384301812828e-01
-1.197476472970871175e-01
-1.198966160912447732e-01
-1.200473723456737807e-01
-1.201999441872800278e-01
-1.203543603519964256e-01
-1.205106502003613078e-01
-1.206688437335494135e-01
-1.208289716098722710e-01
-1.209910651617576299e-01
-1.211551564132258840e-01
-1.213212780978755734e-01
-1.214894636773933279e-01
-1.216597473606048641e-01
-1.218321641230804969e-01
-1.220067497273114726e-01
-1.221835407434745807e-01
-1.223625745707987711e-01
-1.225438894595523992e-01
-1.227275245336667125e-01
-1.229135198140124396e-01
-1.231019162423467039e-01
-1.232927557059465828e-01
-1.234860810629473671e-01
-1.236819361684009660e-01
-1.238803659010729585e-01
-1.240814161909930546e-01
-1.242851340477763022e-01
-1.244915675897312057e-01
-1.247007660737683016e-01
-1.249127799261264826e-01
-1.251276607739276459e-01
-1.253454614775753595e-01
-1.255662361640072777e-01
-1.257900402608118084e-01
-1.260169305312175969e-01
-1.262469651099626389e-01
-1.264802035400459101e-01
-1.267167068103635663e-01
-1.269565373942296294e-01
-1.271997592887723627e-01
-1.274464380552011444e-01
-1.276966408599268799e-01
-1.279504365165186341e-01
-1.282078955284705335e-01
-1.284690901327477930e-01
-1.287340943440707652e-01
-1.290029839998900751e-01
-1.292758368059949425e-01
-1.295527323826830557e-01
-1.298337523114123648e-01
-1.301189801818373182e-01
-1.304085016391180463e-01
-1.307024044313717659e-01
-1.310007784571161626e-01
-1.313037158125316128e-01
-1.316113108383429875e-01
-1.319236601660934149e-01
-1.322408627635504041e-01
-1.325630199789459562e-01
-1.328902355837153770e-01
-1.332226158133497373e-01
-1.335602694059273010e-01
-1.339033076378311482e-01
-1.342518443560943020e-01
-1.346059960067416406e-01
-1.349658816584151377e-01
-1.353316230204763826e-01
-1.357033444546790757e-01
-1.360811729793839353e-01
-1.364652382651637685e-01
-1.368556726204932794e-01
-1.372526109660597293e-01
-1.376561907960415776e-01
-1.380665521244973937e-01
-1.384838374147723816e-01
-1.389081914895696768e-01
-1.393397614190391987e-01
-1.397786963839056096e-01
-1.402251475102884448e-01
-1.406792676724511471e-01
-1.411412112592467238e-01
-1.416111338995054147e-01
-1.420891921410234737e-01
-1.425755430771508681e-01
-1.430703439142351208e-01
-1.435737514723591235e-01
-1.440859216108742458e-01
-1.446070085692035545e-01
-1.451371642122283312e-01
-1.456765371682829935e-01
-1.462252718463453449e-01
-1.467835073174121319e-01
-1.473513760432768049e-01
-1.479290024339605658e-01
-1.485165012128891737e-01
-1.491139755665170930e-01
-1.497215150525018634e-01
-1.503391932376804130e-01
-1.509670650340297071e-01
-1.516051636974756200e-01
-1.522534974508935879e-01
-1.529120456889255242e-01
-1.535807547183744848e-01
-1.542595329840084906e-01
-1.549482457256825263e-01
-1.556467090089409810e-01
-1.563546830678428368e-01
-1.570718648959255614e-01
-1.577978800192944009e-01
-1.585322733851901589e-01
-1.592744993005668075e-01
-1.600239103587947076e-01
-1.607797452993864340e-01
-1.615411157564650146e-01
-1.623069918676528778e-01
-1.630761867372804153e-01
-1.638473397776337714e-01
-1.646188989907080846e-01
-1.653891023019561368e-01
-1.661559581180191980e-01
-1.669172253532423544e-01
-1.676703932552397469e-01
-1.684126614572668268e-01
-1.691409207929290281e-01
-1.698517355233260251e-01
-1.705413277427509644e-01
-1.712055648387827977e-01
-1.718399509760126787e-01
-1.724396236374499958e-01
-1.729993562801479812e-01
-1.735135681276949726e-01
-1.739763420194072874e-01
-1.743814510556894182e-01
-1.747223945189134153e-01
-1.749924432162963117e-01
-1.751846940033703615e-01
-1.752921328328566064e-01
-1.753077052727914920e-01
-1.752243930941341510e-01
-1.750352952859794420e-01
-1.747337117524100369e-01
-1.743132280002216428e-01
-1.737677993414924182e-01
-1.730918334853946416e-01
-1.722802708329497223e-01
-1.713286622516521085e-01
-1.702332445190848087e-01
-1.689910139107042297e-01
-1.675997985015014180e-01
-1.660583296073915860e-01
-1.643663123882165567e-01
-1.625244949782252979e-01
-1.605347346420752941e-01
-1.584000584479134388e-01
-1.561247149084102892e-01
-1.537142120971550785e-01
-1.511753370510819650e-01
-1.485161509730918428e-01
-1.457459549901155005e-01
-1.428752220964754627e-01
-1.399154924494735164e-01
-1.368792313228889002e-01
-1.337796516046257100e-01
-1.306305054943879274e-01
-1.274458526993319518e-01
-1.242398146055485458e-01
-1.210263253259766525e-01
-1.178188909901372039e-01
-1.146303680804744290e-01
-1.114727701128650633e-01
-1.083571097130525684e-01
-1.052932804522378335e-01
-1.022899800017334632e-01
-9.935467355287307123e-02
-9.649359426183398702e-02
-9.371177586555805294e-02
-9.101311162583067271e-02
-8.840043336246153349e-02
-8.587560444392819403e-02
-8.343962109233335478e-02
-8.109271709886888002e-02
-7.883446791528005149e-02
-7.666389098659785739e-02
-7.457954004670293291e-02
-7.257959186289777986e-02
-7.066192456282510692e-02
-6.882418719829004605e-02
-6.706386060016650275e-02
-6.537830986828015167e-02
-6.376482903614918984e-02
-6.222067856987487100e-02
-6.074311642006624545e-02
-5.932942336046895249e-02
-5.797692332980447505e-02
-5.668299945466652445e-02
-5.544510637941334197e-02
-5.426077947012764024e-02
-5.312764139839507016e-02
-5.204340655013411227e-02
-5.100588364706368227e-02
-5.001297691494732689e-02
-4.906268608417542476e-02
-4.815310546480354448e-02
-4.728242229983372485e-02
-4.644891456701768367e-02
-4.565094837052234567e-02
-4.488697503890994728e-02
-4.415552802470637528e-02
-4.345521968287369141e-02
-4.278473799038701175e-02
-4.214284325645001328e-02
-4.152836486232218405e-02
-4.094019806098168207e-02
-4.037730085960759829e-02
-3.983869100193991597e-02
-3.932344306270481316e-02
-3.883068566236209940e-02
-3.835959880722594750e-02
-3.790941135744874818e-02
-3.747939862330455785e-02
-3.706888008857764372e-02
-3.667721725857611692e-02
-3.630381162928085492e-02
-3.594810277335431375e-02
-3.560956653811701844e-02
-3.528771335012641924e-02
-3.498208662061335489e-02
-3.469226124573172865e-02
-3.441784219532414979e-02
-3.415846318368758600e-02
-3.391378541561353155e-02
-3.368349640077444862e-02
-3.346730882930740864e-02
-3.326495950120976486e-02
-3.307620830189797467e-02
-3.290083721598106858e-02
-3.273864937097401007e-02
-3.258946810230974045e-02
-3.245313603061778657e-02
-3.232951414182158589e-02
-3.221848086017899820e-02
-3.211993110397275142e-02
-3.203377531316010940e-02
-3.195993843795333356e-02
-3.189835887705520096e-02
-3.184898735415241100e-02
-3.181178572134119031e-02
-3.178672567845770153e-02
-3.177378739790170242e-02
-3.177295804551635156e-02
-3.178423018951943846e-02
-3.180760009141443689e-02
-3.184306587532943766e-02
-3.189062557537150622e-02
-3.195027506437849579e-02
-3.202200587189731745e-02
-3.210580290427093864e-02
-3.220164208528861205e-02
-3.230948794179923367e-02
-3.242929116479340707e-02
-3.256098618247151716e-02
-3.270448878740084275e-02
-3.285969386467942760e-02
-3.302647327167837488e-02
-3.320467392207106933e-02
-3.339411612714002220e-02
-3.359459224552917289e-02
-3.380586568854294233e-02
-3.402767032175418177e-02
-3.425971029522623112e-02
-3.450166032434599794e-02
-3.475316643154368473e-02
-3.501384714655848135e-02
-3.528329515000745709e-02
-3.556107933244417874e-02
-3.584674722945804803e-02
-3.613982778318888811e-02
-3.643983437234561695e-02
-3.674626804672434521e-02
-3.705862089848686869e-02
-3.737637950112228380e-02
-3.769902834799473967e-02
-3.802605322548898575e-02
-3.835694446075035846e-02
-3.869119999055105341e-02
-3.902832820555303395e-02
-3.936785053280077162e-02
-3.970930372829589022e-02
-4.005224186061911995e-02
-4.039623797543787781e-02
-4.074088543907790350e-02
-4.108579896689726341e-02
-4.143061534878698937e-02
-4.177499388961297688e-02
-4.211861658672785835e-02
-4.246118806982447647e-02
-4.280243533040417603e-02
-4.314210726909323279e-02
-4.347997408907054717e-02
-4.381582656312031643e-02
-4.414947520044170542e-02
-4.448074933749326942e-02
-4.480949617496340215e-02
-4.513557978058015813e-02
-4.545888007500854811e-02
-4.577929181563718253e-02
-4.609672359069151570e-02
-4.641109683389394586e-02
-4.672234486785072083e-02
-4.703041198250894339e-02
-4.733525255340323423e-02
-4.763683020299962212e-02
-4.793511700723779301e-02
-4.823009274835977911e-02
-4.852174421427667139e-02
-4.881006454404732131e-02
-4.909505261850704433e-02
-4.937671249467123769e-02
-4.965505288222851754e-02
-4.993008666022072384e-02
-5.020183043185952321e-02
-5.047030411534650374e-02
-5.073553056852737886e-02
-5.099753524521610792e-02
-5.125634588105830447e-02
-5.151199220686281804e-02
-5.176450568740476044e-02
-5.201391928379148211e-02
-5.226026723757879605e-02
-5.250358487492494397e-02
-5.274390842917246747e-02
-5.298127488035177940e-02
-5.321572181020041425e-02
-5.344728727139082952e-02
-5.367600966975435983e-02
-5.390192765838051903e-02
-5.412508004255547900e-02
-5.434550569458564823e-02
-5.456324347762858684e-02
-5.477833217772459795e-02
-5.499081044328883033e-02
-5.520071673138562951e-02
-5.540808926016385638e-02
-5.561296596688577315e-02
-5.581538447102921130e-02
-5.601538204198946991e-02
-5.621299557094767974e-02
-5.640826154651085167e-02
-5.660121603376323807e-02
-5.679189465640092221e-02
-5.698033258165138837e-02
-5.716656450770405545e-02
-5.735062465340619309e-02
-5.753254674999704055e-02
-5.771236403467585457e-02
-5.789010924581727835e-02
-5.806581461966450058e-02
-5.823951188834577269e-02
-5.841123227907496496e-02
-5.858100651440884682e-02
-5.874886481344529510e-02
-5.891483689385824951e-02
-5.907895197467424170e-02
-5.924123877970421254e-02
-5.940172554155266627e-02
-5.956044000613343326e-02
-5.971740943762773868e-02
-5.987266062382677612e-02
-6.002621988180631418e-02
-6.017811306388596432e-02
-6.032836556382958210e-02
-6.047700232324922098e-02
-6.062404783817669507e-02
-6.076952616577235844e-02
-6.091346093114120147e-02
-6.105587533423265795e-02
-6.119679215679983686e-02
-6.133623376939834754e-02
-6.147422213840614963e-02
-6.161077883304788561e-02
-6.174592503240923513e-02
-6.187968153242842662e-02
-6.201206875285246445e-02
-6.214310674414905145e-02
-6.227281519436395768e-02
-6.240121343591687603e-02
-6.252832045232795122e-02
-6.265415488486926476e-02
-6.277873503913639075e-02
-6.290207889153469345e-02
-6.302420409567677240e-02
-6.314512798868872345e-02
-6.326486759742055987e-02
-6.338343964456048807e-02
-6.350086055465022083e-02
-6.361714645999988482e-02
-6.373231320650220300e-02
-6.384637635934452271e-02
-6.395935120861843959e-02
-6.407125277482704495e-02
-6.418209581428996335e-02
-6.429189482444593040e-02
-6.440066404905378517e-02
-6.450841748329259884e-02
-6.461516887876103676e-02
-6.472093174837779961e-02
-6.482571937118342120e-02
-6.492954479704463044e-02
-6.503242085126288707e-02
-6.513436013908763256e-02
-6.523537505013643489e-02
-6.533547776272255470e-02
-6.543468024809187544e-02
-6.553299427457071058e-02
-6.563043141162538952e-02
-6.572700303383582909e-02
-6.582272032478418688e-02
-6.591759428086008121e-02
-6.601163571498434857e-02
-6.610485526025253189e-02
-6.619726337349962630e-02
-6.628887033878780310e-02
-6.637968627081868023e-02
-6.646972111827118002e-02
-6.655898466706769434e-02
-6.664748654356811297e-02
-6.673523621769558711e-02
-6.682224300599304279e-02
-6.690851607461410777e-02
-6.699406444224831336e-02
-6.707889698298272196e-02
-6.716302242910132669e-02
-6.724644937382343035e-02
-6.732918627398214173e-02
-6.741124145264523748e-02
-6.749262310167822299e-02
-6.757333928425252045e-02
-6.765339793729853446e-02
-6.773280687390598187e-02
-6.781157378567198579e-02
-6.788970624499848783e-02
-6.796721170733993622e-02
-6.804409751340244339e-02
-6.812037089129582834e-02
-6.819603895863871057e-02
-6.827110872461931990e-02
-6.834558709201117577e-02
-6.841948085914618949e-02
-6.849279672184549472e-02
-6.856554127530878340e-02
-6.863772101596386788e-02
-6.870934234327652490e-02
-6.878041156152223112e-02
-6.885093488152016494e-02
-6.892091842233083465e-02
-6.899036821291755495e-02
-6.905929019377346489e-02
-6.912769021851383755e-02
-6.919557405543544371e-02
-6.926294738904321957e-02
-6.932981582154493227e-02
-6.939618487431520322e-02
-6.946205998932837578e-02
-6.952744653056266988e-02
-6.959234978537448546e-02
-6.965677496584496420e-02
-6.972072721009850427e-02
-6.978421158359457421e-02
-6.984723308039267331e-02
-6.990979662439200659e-02
-6.997190707054537495e-02
-7.003356920604891789e-02
-7.009478775150762564e-02
-7.015556736207681499e-02
-7.021591262858152549e-02
-7.027582807861269820e-02
-7.033531817760158011e-02
-7.039438732987282621e-02
-7.045303987967646564e-02
-7.051128011219927327e-02
-7.056911225455630987e-02
-7.062654047676264479e-02
-7.068356889268606613e-02
-7.074020156098077827e-02
-7.079644248600330814e-02
-7.085229561870995396e-02
-7.090776485753702563e-02
-7.096285404926369611e-02
-7.101756698985857430e-02
-7.107190742530947181e-02
-7.112587905243722419e-02
-7.117948551969389970e-02
-7.123273042794575627e-02
-7.128561733124148814e-02
-7.133814973756459621e-02
-7.139033110957339334e-02
-7.144216486532498078e-02
-7.149365437898705378e-02
-7.154480298153517714e-02
-7.159561396143769574e-02
-7.164609056532725284e-02
-7.169623599866015162e-02
-7.174605342636308780e-02
-7.179554597346786415e-02
-7.184471672573478074e-02
-7.189356873026378492e-02
-7.194210499609451914e-02
-7.199032849479600205e-02
-7.203824216104441625e-02
-7.208584889319115396e-02
-7.213315155382007959e-02
-7.218015297029446720e-02
-7.222685593529476478e-02
-7.227326320734583920e-02
-7.231937751133479808e-02
-7.236520153901992991e-02
-7.241073794953009624e-02
-7.245598936985561678e-02
-7.250095839532959274e-02
-7.254564759010118102e-02
-7.259005948760070825e-02
-7.263419659099631942e-02
-7.267806137364241081e-02
-7.272165627951940325e-02
-7.276498372366754785e-02
-7.280804609261234961e-02
-7.285084574478206676e-02
-7.289338501091773004e-02
-7.293566619447669486e-02
-7.297769157202976809e-02
-7.301946339365114613e-02
-7.306098388329984594e-02
-7.310225523919569590e-02
-7.314327963419059442e-02
-7.318405921613244103e-02
-7.322459610822133758e-02
-7.326489240935926683e-02
-7.330495019449678740e-02
-7.334477151497417746e-02
-7.338435839885409928e-02
-7.342371285124738023e-02
-7.346283685463564361e-02
-7.350173236919171904e-02
-7.354040133309182325e-02
-7.357884566281870653e-02
-7.361706725346187086e-02
-7.365506797901735792e-02
-7.369284969268231900e-02
-7.373041422713909332e-02
-7.376776339483277767e-02
-7.380489898825046136e-02
-7.384182278020018364e-02
-7.387853652407971872e-02
-7.391504195413303724e-02
-7.395134078570819725e-02
-7.398743471552046702e-02
-7.402332542190906417e-02
-7.405901456507793523e-02
-7.409450378733059561e-02
-7.412979471331435088e-02
-7.416488895026793204e-02
-7.419978808825239414e-02
-7.423449370036551420e-02
-7.426900734296233708e-02
-7.430333055589097291e-02
-7.433746486272045650e-02
-7.437141177094241939e-02
-7.440517277216503189e-02
-7.443874934232845575e-02
-7.447214294193178763e-02
-7.450535501623425927e-02
-7.453838699542718327e-02
-7.457124029481848604e-02
-7.460391631505024213e-02
-7.463641644230978311e-02
-7.466874204849621721e-02
-7.470089449136993465e-02
-7.473287511474122069e-02
-7.476468524868959409e-02
-7.479632620974766000e-02
-7.482779930102954891e-02
-7.485910581237156802e-02
-7.489024702053652394e-02
-7.492122418942763484e-02
-7.495203857022993132e-02
-7.498269140150549961e-02
-7.501318390934488822e-02
-7.504351730759269146e-02
-7.507369279803845219e-02
-7.510371157050504953e-02
-7.513357480292508217e-02
-7.516328366152393026e-02
-7.519283930106135383e-02
-7.522224286497708468e-02
-7.525149548542191258e-02
-7.528059828334068837e-02
-7.530955236870282010e-02
-7.533835884074327471e-02
-7.536701878803817034e-02
-7.539553328848785929e-02
-7.542390340943662397e-02
-7.545213020795851766e-02
-7.548021473106927837e-02
-7.550815801571184038e-02
-7.553596108871309112e-02
-7.556362496697378861e-02
-7.559115065780383502e-02
-7.561853915906750767e-02
-7.564579145906959179e-02
-7.567290853651989502e-02
-7.569989136082275194e-02
-7.572674089244108009e-02
-7.575345808293501570e-02
-7.578004387475051340e-02
-7.580649920123666563e-02
-7.583282498705612440e-02
-7.585902214854273184e-02
-7.588509159359427270e-02
-7.591103422138065215e-02
-7.593685092246547919e-02
-7.596254257934713372e-02
-7.598811006676145507e-02
-7.601355425139540156e-02
-7.603887599154716959e-02
-7.606407613740538698e-02
-7.608915553171609336e-02
-7.611411500997432300e-02
-7.613895539993212336e-02
-7.616367752125782764e-02
-7.618828218602463620e-02
-7.621277019948474729e-02
-7.623714236008638512e-02
-7.626139945876211912e-02
-7.628554227864389747e-02
-7.630957159580961657e-02
-7.633348818013270531e-02
-7.635729279505802658e-02
-7.638098619666597311e-02
-7.640456913351006962e-02
-7.642804234766378824e-02
-7.645140657560302311e-02
-7.647466254767337768e-02
-7.649781098693531067e-02
-7.652085260919616605e-02
-7.654378812439514845e-02
-7.656661823746785389e-02
-7.658934364743724688e-02
-7.661196504605147228e-02
-7.663448311808691849e-02
-7.665689854310585305e-02
-7.667921199624626316e-02
-7.670142414686823007e-02
-7.672353565700104627e-02
-7.674554718199544379e-02
-7.676745937268698861e-02
-7.678927287605366581e-02
-7.681098833334827625e-02
-7.683260637836809848e-02
-7.685412763853827212e-02
-7.687555273751768559e-02
-7.689688229566672695e-02
-7.691811692759162322e-02
-7.693925724024677781e-02
-7.696030383453061896e-02
-7.698125730837927783e-02
-7.700211825699254664e-02
-7.702288726970768495e-02
-7.704356492793357214e-02
-7.706415180734224601e-02
-7.708464848150951843e-02
-7.710505552185475953e-02
-7.712537349375206408e-02
-7.714560295427744241e-02
-7.716574445507916324e-02
-7.718579854664628370e-02
-7.720576577793025752e-02
-7.722564669158772654e-02
-7.724544182149570282e-02
-7.726515169638500935e-02
-7.728477684484272303e-02
-7.730431779460604502e-02
-7.732377506681087365e-02
-7.734314917319928817e-02
-7.736244062059272064e-02
-7.738164991677248805e-02
-7.740077756946153742e-02
-7.741982407943762134e-02
-7.743878993730922422e-02
-7.745767562889929736e-02
-7.747648164218548517e-02
-7.749520846602894752e-02
-7.751385658199005935e-02
-7.753242646049603171e-02
-7.755091856718208942e-02
-7.756933337112502380e-02
-7.758767134342951788e-02
-7.760593294757370253e-02
-7.762411863471968543e-02
-7.764222885102840810e-02
-7.766026404746730061e-02
-7.767822467844082146e-02
-7.769611119048841497e-02
-7.771392401640817016e-02
-7.773166358350439009e-02
-7.774933032530234600e-02
-7.776692468050472318e-02
-7.778444707987819395e-02
-7.780189793876707283e-02
-7.781927766614961384e-02
-7.783658667863475877e-02
-7.785382540014751385e-02
-7.787099424688181948e-02
-7.788809361767831674e-02
-7.790512390364696949e-02
-7.792208550484722163e-02
-7.793897883125000536e-02
-7.795580428571632914e-02
-7.797256225160950627e-02
-7.798925310258258969e-02
-7.800587722233426335e-02
-7.802243500756926575e-02
-7.803892684909007060e-02
-7.805535311592762260e-02
-7.807171416468049185e-02
-7.808801036268614437e-02
-7.810424209388580619e-02
-7.812040973831499424e-02
-7.813651365197765708e-02
-7.815255417486846601e-02
-7.816853165777104540e-02
-7.818444647212130505e-02
-7.820029898845856642e-02
-7.821608955126574392e-02
-7.823181848450569409e-02
-7.824748612203993869e-02
-7.826309282274680756e-02
-7.827863894885445095e-02
-7.829412483505845954e-02
-7.830955079007932695e-02
-7.832491713035494296e-02
-7.834022420177536028e-02
-7.835547235926176857e-02
-7.837066192969087408e-02
-7.838579320765681757e-02
-7.840086649161948085e-02
-7.841588211361338878e-02
-7.843084042194872763e-02
-7.844574173785470728e-02
-7.846058634336158799e-02
-7.847537451846983703e-02
-7.849010658002249230e-02
-7.850478286994713728e-02
-7.851940370611756870e-02
-7.853396936012220497e-02
-7.854848009327149161e-02
-7.856293620542625922e-02
-7.857733803171140785e-02
-7.859168588890824703e-02
-7.860598004093022340e-02
-7.862022073064814376e-02
-7.863440823877904107e-02
-7.864854289239267549e-02
-7.866262500918225209e-02
-7.867665484882635507e-02
-7.869063263675915576e-02
-7.870455863220060522e-02
-7.871843315192311730e-02
-7.873225651596651997e-02
-7.874602898382090932e-02
-7.875975076553064225e-02
-7.877342209656808258e-02
-7.878704328008914737e-02
-7.880061463895957075e-02
-7.881413643693771509e-02
-7.882760887203543732e-02
-7.884103215425035394e-02
-7.885440656875924992e-02
-7.886773244035097385e-02
-7.888101004155599616e-02
-7.889423956320784637e-02
-7.890742118916213577e-02
-7.892055518142274129e-02
-7.893364186400166072e-02
-7.894668152220524204e-02
-7.895967434606912527e-02
-7.897262049431377773e-02
-7.898552020019000697e-02
-7.899837378211420347e-02
-7.901118154094771695e-02
-7.902394367362344796e-02
-7.903666031703018846e-02
-7.904933167040484321e-02
-7.906195803951035495e-02
-7.907453974146175235e-02
-7.908707698857120327e-02
-7.909956990200769922e-02
-7.911201864302375153e-02
-7.912442349562753829e-02
-7.913678479091895701e-02
-7.914910276495744357e-02
-7.916137753237439956e-02
-7.917360921492493098e-02
-7.918579806435006863e-02
-7.919794441972854981e-02
-7.921004854785081151e-02
-7.922211056889899572e-02
-7.923413056731967719e-02
-7.924610875180104763e-02
-7.925804545921460997e-02
-7.926994099111139835e-02
-7.928179548747676941e-02
-7.929360900244139532e-02
-7.930538169224350675e-02
-7.931711387729133145e-02
-7.932880589328072940e-02
-7.934045791497816580e-02
-7.935206997868685108e-02
-7.936364218226453493e-02
-7.937517481221861848e-02
-7.938666823159756802e-02
-7.939812266350577963e-02
-7.940953814436088609e-02
-7.942091471344223108e-02
-7.943225260455633041e-02
-7.944355219414017677e-02
-7.945481376304905363e-02
-7.946603737013815949e-02
-7.947722300371132254e-02
-7.948837082748128058e-02
-7.949948121010613766e-02
-7.951055449247919349e-02
-7.952159078029140404e-02
-7.953259002763907182e-02
-7.954355231569203155e-02
-7.955447797828682499e-02
-7.956536740879455172e-02
-7.957622078265397247e-02
-7.958703804578406982e-02
-7.959781919317387988e-02
-7.960856449387079814e-02
-7.961927437452462342e-02
-7.962994909719897652e-02
-7.964058863323665582e-02
-7.965119290012639963e-02
-7.966176207380414043e-02
-7.967229658324734287e-02
-7.968279678303685776e-02
-7.969326270731982853e-02
-7.970369421933548582e-02
-7.971409138104687542e-02
-7.972445458327188927e-02
-7.973478426360088023e-02
-7.974508055429060938e-02
-7.975534330219315182e-02
-7.976557244814330705e-02
-7.977576829969092176e-02
-7.978593134981067092e-02
-7.979606185473242519e-02
-7.980615969441562374e-02
-7.981622470055380059e-02
-7.982625705518509029e-02
-7.983625726112376919e-02
-7.984622570722853252e-02
-7.985616236129644552e-02
-7.986606698013051786e-02
-7.987593959013583600e-02
-7.988578064458373706e-02
-7.989559064987891701e-02
-7.990536971209229178e-02
-7.991511756894191520e-02
-7.992483408271100487e-02
-7.993451959225539305e-02
-7.994417467933177812e-02
-7.995379962291872256e-02
-7.996339421335652009e-02
-7.997295816957762649e-02
-7.998249165773435587e-02
-7.999199526725447873e-02
-8.000146945742234172e-02
-8.001091414792700640e-02
-8.002032896771077430e-02
-8.002971387266444303e-02
-8.003906937456106707e-02
-8.004839608454931976e-02
-8.005769411823779325e-02
-8.006696309739341766e-02
-8.007620276428467632e-02
-8.008541346418480977e-02
-8.009459589301984317e-02
-8.010375040160830351e-02
-8.011287670597108668e-02
-8.012197437488113860e-02
-8.013104351362888844e-02
-8.014008480263770662e-02
-8.014909882449750000e-02
-8.015808549132716343e-02
-8.016704428357092349e-02
-8.017597502879030003e-02
-8.018487827325374018e-02
-8.019375477573817412e-02
-8.020260472353908654e-02
-8.021142763012796550e-02
-8.022022306050041740e-02
-8.022899131292113295e-02
-8.023773321537762404e-02
-8.024644926294471903e-02
-8.025513913967391444e-02
-8.026380222473553094e-02
-8.027243848731793752e-02
-8.028104867986002313e-02
-8.028963357306627413e-02
-8.029819314621913784e-02
-8.030672672652190702e-02
-8.031523393262948729e-02
-8.032371528537118888e-02
-8.033217172760714897e-02
-8.034060361251790794e-02
-8.034901038631539483e-02
-8.035739137360781159e-02
-8.036574673209004316e-02
-8.037407741200572331e-02
-8.038238414377535390e-02
-8.039066666634252234e-02
-8.039892414737029314e-02
-8.040715631250146267e-02
-8.041536392159039093e-02
-8.042354799359416329e-02
-8.043170869345103724e-02
-8.043984523181639534e-02
-8.044795692652512153e-02
-8.045604415983072244e-02
-8.046410806218065592e-02
-8.047214927482965185e-02
-8.048016727565790451e-02
-8.048816110484280362e-02
-8.049613064102816018e-02
-8.050407688897531777e-02
-8.051200090385074448e-02
-8.051990262553043731e-02
-8.052778103958814493e-02
-8.053563550156306317e-02
-8.054346664402819989e-02
-8.055127575531523254e-02
-8.055906334507388633e-02
-8.056682861893235681e-02
-8.057457052223307437e-02
-8.058228912389696352e-02
-8.058998567225574006e-02
-8.059766122173157854e-02
-8.060531545978301404e-02
-8.061294716137212824e-02
-8.062055575792038964e-02
-8.062814214950889125e-02
-8.063570775948886160e-02
-8.064325293166742237e-02
-8.065077659486274975e-02
-8.065827762894518804e-02
-8.066575632154771025e-02
-8.067321415953714048e-02
-8.068065216562439468e-02
-8.068806975581792329e-02
-8.069546550899776849e-02
-8.070283896258576006e-02
-8.071019129503906320e-02
-8.071752404490231680e-02
-8.072483736479116323e-02
-8.073212990564533620e-02
-8.073940050502226295e-02
-8.074664968952011135e-02
-8.075387917909838953e-02
-8.076108994193026414e-02
-8.076828111015177392e-02
-8.077545107783086487e-02
-8.078259950954627677e-02
-8.078972786898899749e-02
-8.079683779603358262e-02
-8.080392923561188767e-02
-8.081100056030481038e-02
-8.081805058024338351e-02
-8.082508007399651084e-02
-8.083209099162499967e-02
-8.083908423351229833e-02
-8.084605864030922073e-02
-8.085301242669717947e-02
-8.085994539616037091e-02
-8.086685930253173504e-02
-8.087375588139487925e-02
-8.088063486199657814e-02
-8.088749433631711727e-02
-8.089433309220508961e-02
-8.090115216681333099e-02
-8.090795374207174206e-02
-8.091473864783524372e-02
-8.092150542897806609e-02
-8.092825211849394296e-02
-8.093497866077581371e-02
-8.094168710436581982e-02
-8.094837928487182144e-02
-8.095505471601416314e-02
-8.096171120353766459e-02
-8.096834750728748586e-02
-8.097496492374570143e-02
-8.098156587492028047e-02
-8.098815112860366372e-02
-8.099471893203569195e-02
-8.100126712520905325e-02
-8.100779578521935531e-02
-8.101430726053893139e-02
-8.102080350223918315e-02
-8.102728381684656811e-02
-8.103374571398377912e-02
-8.104018790795303184e-02
-8.104661194946161107e-02
-8.105302051623296256e-02
-8.105941433433198895e-02
-8.106579135383545909e-02
-8.107214920063851582e-02
-8.107848806538323072e-02
-8.108481060258693196e-02
-8.109111890610534723e-02
-8.109741209234937187e-02
-8.110368736061975004e-02
-8.110994334944987560e-02
-8.111618185218652521e-02
-8.112240582557193880e-02
-8.112861598693858756e-02
-8.113480999277378203e-02
-8.114098522372673039e-02
-8.114714195278818765e-02
-8.115328314688394218e-02
-8.115941108222307632e-02
-8.116552471216312292e-02
-8.117162090794494134e-02
-8.117769818864681297e-02
-8.118375857080591118e-02
-8.118980532056280230e-02
-8.119583919314898868e-02
-8.120185755983619358e-02
-8.120785751513272255e-02
-8.121383936968973316e-02
-8.121980640781294170e-02
-8.122576113982314661e-02
-8.123170239498389567e-02
-8.123762669688748550e-02
-8.124353238743278749e-02
-8.124942167684498506e-02
-8.125529817661009124e-02
-8.126116274122002769e-02
-8.126701247254587701e-02
-8.127284412934869529e-02
-8.127865800001878027e-02
-8.128445768710189367e-02
-8.129024599836903731e-02
-8.129602169234689812e-02
-8.130178092625298114e-02
-8.130752179284959913e-02
-8.131324665351218062e-02
-8.131895950402487361e-02
-8.132466137525905248e-02
-8.133034912650799475e-02
-8.133601912445229121e-02
-8.134167155819760353e-02
-8.134731034142898831e-02
-8.135293865290013637e-02
-8.135855525106118480e-02
-8.136415591276106862e-02
-8.136973839589346780e-02
-8.137530515374924445e-02
-8.138086060459187587e-02
-8.138640604920135968e-02
-8.139193814654870074e-02
-8.139745281137295008e-02
-8.140295003764799753e-02
-8.140843403016626012e-02
-8.141390841991433258e-02
-8.141937205624971696e-02
-8.142482033152215193e-02
-8.143025057072347805e-02
-8.143566523901277221e-02
-8.144106920938395944e-02
-8.144646416232172170e-02
-8.145184661928457637e-02
-8.145721198437694266e-02
-8.146255994060619399e-02
-8.146789494491277206e-02
-8.147322116554321647e-02
-8.147853765679119453e-02
-8.148383943866382984e-02
-8.148912329584062642e-02
-8.149439160030222395e-02
-8.149964969941921045e-02
-8.150489977798371088e-02
-8.151013830882801459e-02
-8.151536013434318440e-02
-8.152056449068277588e-02
-8.152575602225697882e-02
-8.153093951758041968e-02
-8.153611437481728119e-02
-8.154127527770191342e-02
-8.154641835866889565e-02
-8.155154576276293921e-02
-8.155666331055060059e-02
-8.156177382716570112e-02
-8.156687385722069528e-02
-8.157195764629721069e-02
-8.157702382945952735e-02
-8.158207714100992880e-02
-8.158712306272787596e-02
-8.159216150078638097e-02
-8.159718687116596092e-02
-8.160219454486480894e-02
-8.160718627502669409e-02
-8.161216832377449215e-02
-8.161714429813213267e-02
-8.162211097108798552e-02
-8.162706198260635815e-02
-8.163199519829872353e-02
-8.163691530496375304e-02
-8.164182853023288500e-02
-8.164673547551962174e-02
-8.165163039892457675e-02
-8.165650781362113197e-02
-8.166136888431435592e-02
-8.166622024194417073e-02
-8.167106641344243356e-02
-8.167590459591610175e-02
-8.168072785319799300e-02
-8.168553310646796406e-02
-8.169032481207051666e-02
-8.169510996288015248e-02
-8.169989006043626434e-02
-8.170465936460384604e-02
-8.170941146020405110e-02
-8.171414669823112709e-02
-8.171887195368734980e-02
-8.172359279528892961e-02
-8.172830707924268190e-02
-8.173300737415127581e-02
-8.173768948665671719e-02
-8.174235741080149165e-02
-8.174701887609472917e-02
-8.175167649705275541e-02
-8.175632475143615463e-02
-8.176095626697739427e-02
-8.176557033413282827e-02
-8.177017388515347984e-02
-8.177477361994295313e-02
-8.177936832392503075e-02
-8.178395021600662340e-02
-8.178851383898333438e-02
-8.179306244436300444e-02
-8.179760440570360558e-02
-8.180214365660443132e-02
-8.180667516880152368e-02
-8.181119064420752651e-02
-8.181568805695614566e-02
-8.182017414008246892e-02
-8.182465676184785819e-02
-8.182913593247444217e-02
-8.183360374312800833e-02
-8.183805336465836688e-02
-8.184248698342246053e-02
-8.184691344471228813e-02
-8.185133818040421505e-02
-8.185575699060834709e-02
-8.186016076199614799e-02
-8.186454590647962437e-02
-8.186891862860444513e-02
-8.187328792765662111e-02
-8.187765534322222205e-02
-8.188201314541199149e-02
-8.188635309058353573e-02
-8.189067594804573524e-02
-8.189499076929571131e-02
-8.189930461127539751e-02
-8.190361448648372789e-02
-8.190791067473365827e-02
-8.191218781512026037e-02
-8.191645118517520974e-02
-8.192071078028312359e-02
-8.192496995879676447e-02
-8.192922156353749097e-02
-8.193345598628733184e-02
-8.193767221968786818e-02
-8.194187915412125267e-02
-8.194608551609927627e-02
-8.195028994648567711e-02
-8.195448243946577838e-02
-8.195865571756652534e-02
-8.196281367614999258e-02
-8.196696705284470252e-02
-8.197112126705233259e-02
-8.197527020876424486e-02
-8.197940307471406063e-02
-8.198351674430166824e-02
-8.198761947712920883e-02
-8.199172159922558933e-02
-8.199582379970830892e-02
-8.199991622948690773e-02
-8.200398965376304306e-02
-8.200804609770445674e-02
-8.201209665227424117e-02
-8.201614895421273366e-02
-8.202019847798792951e-02
-8.202423353843728282e-02
-8.202824862792582050e-02
-8.203225081404229291e-02
-8.203625180625914726e-02
-8.204025472672257790e-02
-8.204425044427188229e-02
-8.204822786696376602e-02
-8.205218666514434156e-02
-8.205613775240169772e-02
-8.206009100962072256e-02
-8.206404406433569221e-02
-8.206798482281368878e-02
-8.207190522644736141e-02
-8.207581052317342030e-02
-8.207971341759651152e-02
-8.208361976531222681e-02
-8.208752181649986435e-02
-8.209140689869813545e-02
-8.209527189506996003e-02
-8.209912687650794405e-02
-8.210298382116766602e-02
-8.210684306304359692e-02
-8.211069273737081620e-02
-8.211452223154921959e-02
-8.211833432155901669e-02
-8.212214213112609129e-02
-8.212595440847623995e-02
-8.212976551639634970e-02
-8.213356168246419009e-02
-8.213733668234624030e-02
-8.214109896975346770e-02
-8.214486226030089100e-02
-8.214863007173092702e-02
-8.215239155629081025e-02
-8.215613375506444771e-02
-8.215985635403844078e-02
-8.216357213376404567e-02
-8.216729269325162566e-02
-8.217101525291706232e-02
-8.217472563772174055e-02
-8.217841437428538565e-02
-8.218208746250969809e-02
-8.218575975554416602e-02
-8.218943828354327574e-02
-8.219311411817790958e-02
-8.219677241397510548e-02
-8.220040925757171602e-02
-8.220403616203911246e-02
-8.220766727867043211e-02
-8.221130337049047110e-02
-8.221493076521796395e-02
-8.221853684477789526e-02
-8.222212432642121704e-02
-8.222570835380796361e-02
-8.222929957109158250e-02
-8.223289192440304263e-02
-8.223646941800986931e-02
-8.224002422372794774e-02
-8.224356555276032821e-02
-8.224710951120375868e-02
-8.225066093919333743e-02
-8.225420774382691258e-02
-8.225773457116805631e-02
-8.226124012593667711e-02
-8.226473876947135166e-02
-8.226824455878345432e-02
-8.227175523426391579e-02
-8.227525466112572960e-02
-8.227873106274753712e-02
-8.228219028587002715e-02
-8.228564947649377737e-02
-8.228911783551522141e-02
-8.229258602792857702e-02
-8.229603671633921314e-02
-8.229946406891745780e-02
-8.230288042229283452e-02
-8.230630268119956683e-02
-8.230973315410891611e-02
-8.231315681706906362e-02
-8.231655827270048520e-02
-8.231993902279169384e-02
-8.232331603707557233e-02
-8.232670281044271454e-02
-8.233009394299037331e-02
-8.233347121763401333e-02
-8.233682406057878100e-02
-8.234016146660995406e-02
-8.234350222572968392e-02
-8.234685371664077214e-02
-8.235020343772703200e-02
-8.235353311686252620e-02
-8.235683914473920786e-02
-8.236013685720151856e-02
-8.236344354165689441e-02
-8.236675877560661885e-02
-8.237006488283477035e-02
-8.237334676520559340e-02
-8.237660881585846806e-02
-8.237987035886387699e-02
-8.238314394607068603e-02
-8.238642105122062631e-02
-8.238968171136649976e-02
-8.239291679631112475e-02
-8.239613841768356206e-02
-8.239936666737301962e-02
-8.240260685306109723e-02
-8.240584349152682564e-02
-8.240905767958692230e-02
-8.241224816795458818e-02
-8.241543313733624976e-02
-8.241862990488690865e-02
-8.242183525489998885e-02
-8.242502912339322307e-02
-8.242819693995477592e-02
-8.243134602570373337e-02
-8.243449780086947731e-02
-8.243766360679438687e-02
-8.244083189791619193e-02
-8.244398122075419222e-02
-8.244710403818962530e-02
-8.245021550764297658e-02
-8.245333671896323824e-02
-8.245647079689086278e-02
-8.245959947773079390e-02
-8.246270342624914540e-02
-8.246578382646840844e-02
-8.246886152706633943e-02
-8.247195361431369776e-02
-8.247505412890293597e-02
-8.247814082831490812e-02
-8.248119980661199058e-02
-8.248424130003556565e-02
-8.248728857968974648e-02
-8.249035163901885515e-02
-8.249341606667320859e-02
-8.249645908320890619e-02
-8.249947482497969886e-02
-8.250248138546367738e-02
-8.250550061534794866e-02
-8.250853346933119392e-02
-8.251155907857249394e-02
-8.251455778604552260e-02
-8.251753322551505510e-02
-8.252050872475868992e-02
-8.252350099420162344e-02
-8.252650145537776538e-02
-8.252948582489023910e-02
-8.253244092656868147e-02
-8.253537984699517438e-02
-8.253832750057440992e-02
-8.254129252537678596e-02
-8.254425780401693225e-02
-8.254719931463944116e-02
-8.255011288606228792e-02
-8.255301940295955987e-02
-8.255594133307399274e-02
-8.255887757250562897e-02
-8.256180477564356579e-02
-8.256470300372886761e-02
-8.256757829534602799e-02
-8.257045627499368101e-02
-8.257335325746960331e-02
-8.257625820823977225e-02
-8.257914487312717489e-02
-8.258200080871991311e-02
-8.258484183236655674e-02
-8.258769435786961211e-02
-8.259056577488058104e-02
-8.259343640186334046e-02
-8.259628099388395539e-02
-8.259909702532114428e-02
-8.260190800268155109e-02
-8.260473697638809343e-02
-8.260758096356027314e-02
-8.261041422202348994e-02
-8.261321651263550669e-02
-8.261599616494019749e-02
-8.261878094632064962e-02
-8.262158687562520809e-02
-8.262440063874898488e-02
-8.262719402800368373e-02
-8.262995527116603900e-02
-8.263270274459974529e-02
-8.263546430034897361e-02
-8.263824627748764251e-02
-8.264102654842644946e-02
-8.264377861442012696e-02
-8.264650147291710547e-02
-8.264922107411573626e-02
-8.265196112821526775e-02
-8.265471699633952785e-02
-8.265746058380887828e-02
-8.266017127566417655e-02
-8.266285950549097372e-02
-8.266555507688096160e-02
-8.266827391529021907e-02
-8.267100060685492191e-02
-8.267370497121981354e-02
-8.267637577249445369e-02
-8.267903373047463811e-02
-8.268170816426553826e-02
-8.268440462791747103e-02
-8.268709865050140329e-02
-8.268976240598890914e-02
-8.269239620850286909e-02
-8.269502828039082543e-02
-8.269768316990960821e-02
-8.270035483481223693e-02
-8.270301285325407092e-02
-8.270563609743589173e-02
-8.270823684648606622e-02
-8.271084689031749093e-02
-8.271348234565056856e-02
-8.271612588573470926e-02
-8.271874531479457560e-02
-8.272132971595463902e-02
-8.272390190355088935e-02
-8.272649277731153328e-02
-8.272910742272793216e-02
-8.273171912935997629e-02
-8.273429862897435649e-02
-8.273684725865139422e-02
-8.273939535759927688e-02
-8.274196857358158408e-02
-8.274455974135896952e-02
-8.274713613567243053e-02
-8.274967591067969308e-02
-8.275219286649437844e-02
-8.275472078462542402e-02
-8.275727632058867134e-02
-8.275984044182549404e-02
-8.276237887902351820e-02
-8.276488072922329187e-02
-8.276737062729118410e-02
-8.276988123676044806e-02
-8.277241753376574085e-02
-8.277495069230043911e-02
-8.277744984431678610e-02
-8.277991697060504972e-02
-8.278238438895188511e-02
-8.278487917043983457e-02
-8.278739334228940594e-02
-8.278989191235637535e-02
-8.279235203944056154e-02
-8.279478866041418972e-02
-8.279723759671769878e-02
-8.279971643853711871e-02
-8.280220469234653158e-02
-8.280466594731894503e-02
-8.280708892186283698e-02
-8.280949977473495149e-02
-8.281193316485389866e-02
-8.281439436040188840e-02
-8.281685258191498478e-02
-8.281927516143378076e-02
-8.282166426402608195e-02
-8.282405405607543014e-02
-8.282647339802795550e-02
-8.282891387257330928e-02
-8.283133828180860858e-02
-8.283372244121128825e-02
-8.283608198481196006e-02
-8.283845484535584669e-02
-8.284085998245793725e-02
-8.284327574223857016e-02
-8.284566350027744441e-02
-8.284801112214545959e-02
-8.285034596663813644e-02
-8.285270494407920294e-02
-8.285509406252725140e-02
-8.285748080517710279e-02
-8.285983046624324777e-02
-8.286214486223743292e-02
-8.286445986970106259e-02
-8.286680652868090580e-02
-8.286917640161173271e-02
-8.287153018149859274e-02
-8.287384192968673402e-02
-8.287612748296738219e-02
-8.287842695480729382e-02
-8.288076114188303034e-02
-8.288310760245200248e-02
-8.288542543104997218e-02
-8.288770109466908620e-02
-8.288996278996352274e-02
-8.289224993451474455e-02
-8.289456977604359178e-02
-8.289688834441255594e-02
-8.289916863103824474e-02
-8.290141150436390605e-02
-8.290365438179232715e-02
-8.290593088106162911e-02
-8.290823304182227960e-02
-8.291051959216919065e-02
-8.291276237958533635e-02
-8.291497689121209158e-02
-8.291720546120334712e-02
-8.291947121865850256e-02
-8.292175139148980079e-02
-8.292400274381084291e-02
-8.292620974008689527e-02
-8.292840099847190172e-02
-8.293061867498738304e-02
-8.293287181246888906e-02
-8.293512535210421921e-02
-8.293733970772294850e-02
-8.293951413976402565e-02
-8.294168738086707404e-02
-8.294389601630605680e-02
-8.294613314176606245e-02
-8.294835572651690359e-02
-8.295053291485443570e-02
-8.295267922807023075e-02
-8.295483920319590698e-02
-8.295703881784304012e-02
-8.295925552202765285e-02
-8.296144373691419216e-02
-8.296358527823349815e-02
-8.296570869696152928e-02
-8.296785906943290878e-02
-8.297004784417902346e-02
-8.297223933131998852e-02
-8.297439110578111454e-02
-8.297650010609691762e-02
-8.297860607195203797e-02
-8.298074892005317948e-02
-8.298292346545629861e-02
-8.298508520388123144e-02
-8.298720008153245842e-02
-8.298928096758700912e-02
-8.299137449816895717e-02
-8.299351002506645536e-02
-8.299566587429725584e-02
-8.299779417218267064e-02
-8.299987341592487966e-02
-8.300193151046300621e-02
-8.300401655957878599e-02
-8.300614307670341196e-02
-8.300827530338852900e-02
-8.301036775629763720e-02
-8.301241429231503988e-02
-8.301445524232184403e-02
-8.301653417145032909e-02
-8.301864835936044462e-02
-8.302075221243554459e-02
-8.302280800654385229e-02
-8.302482619807330377e-02
-8.302685530499219480e-02
-8.302892857150924455e-02
-8.303102595776289119e-02
-8.303309743170723956e-02
-8.303511750069765551e-02
-8.303711273948223559e-02
-8.303913428484570314e-02
-8.304120040934212521e-02
-8.304327596429195157e-02
-8.304531226335119809e-02
-8.304729928780310577e-02
-8.304927741392870155e-02
-8.305129410004664925e-02
-8.305334990843714349e-02
-8.305539866027641938e-02
-8.305739854372669317e-02
-8.305935676736503348e-02
-8.306132337408296540e-02
-8.306333598750467728e-02
-8.306537706244201957e-02
-8.306739466350522572e-02
-8.306935866175327310e-02
-8.307129350219852326e-02
-8.307325323018242835e-02
-8.307526058519550116e-02
-8.307728183110982267e-02
-8.307926504411419777e-02
-8.308119551882484077e-02
-8.308311298325239680e-02
-8.308506893132006077e-02
-8.308706808235293007e-02
-8.308906431672988258e-02
-8.309101140842026223e-02
-8.309291241558630636e-02
-8.309481838537835507e-02
-8.309677174556849566e-02
-8.309875840104519185e-02
-8.310072491737605094e-02
-8.310263593937196325e-02
-8.310451286440778684e-02
-8.310641236238699991e-02
-8.310836233147944618e-02
-8.311033137971501894e-02
-8.311226445902927806e-02
-8.311414137341260888e-02
-8.311600034917196456e-02
-8.311789692139480434e-02
-8.311984087280968603e-02
-8.312178694512989408e-02
-8.312368430197154823e-02
-8.312553089635676962e-02
-8.312737807469416929e-02
-8.312927339346061484e-02
-8.313120724291989116e-02
-8.313312527227828541e-02
-8.313498640408675810e-02
-8.313680795793607081e-02
-8.313864875532178678e-02
-8.314054249077502956e-02
-8.314246117478381326e-02
-8.314434693344079086e-02
-8.314617331583813720e-02
-8.314797602939967558e-02
-8.314981448134006747e-02
-8.315170442268134121e-02
-8.315360242823817416e-02
-8.315545302755129875e-02
-8.315724808738687857e-02
-8.315903834886338719e-02
-8.316087667765956204e-02
-8.316275904057984780e-02
-8.316463095651301096e-02
-8.316644526693760253e-02
-8.316821408825875173e-02
-8.316999770431288130e-02
-8.317183614361253752e-02
-8.317370599302563450e-02
-8.317554707205956910e-02
-8.317732599185519160e-02
-8.317907476600998329e-02
-8.318085629126104052e-02
-8.318269314741787157e-02
-8.318454488735879671e-02
-8.318635159869045004e-02
-8.318809809146715528e-02
-8.318983339001148614e-02
-8.319161565742275166e-02
-8.319344754937613162e-02
-8.319527546192523326e-02
-8.319704598218422009e-02
-8.319876483212160223e-02
-8.320049282994008977e-02
-8.320227672255517404e-02
-8.320409894033245490e-02
-8.320589776760137224e-02
-8.320763232598576975e-02
-8.320932962064932215e-02
-8.321105540426435021e-02
-8.321283984891940377e-02
-8.321464679603707282e-02
-8.321641234195407966e-02
-8.321811332896708602e-02
-8.321979574934612600e-02
-8.322152280941365332e-02
-8.322330494061588868e-02
-8.322509065320579658e-02
-8.322682034390481431e-02
-8.322849212608902925e-02
-8.323016617139009088e-02
-8.323189611771235341e-02
-8.323367156332162065e-02
-8.323543030485579253e-02
-8.323712361222451728e-02
-8.323877206013144403e-02
-8.324044334028300740e-02
-8.324217582182744102e-02
-8.324393908901947525e-02
-8.324566599514118814e-02
-8.324732462310815984e-02
-8.324895643092306008e-02
-8.325062912272855609e-02
-8.325236190816523441e-02
-8.325410687319458047e-02
-8.325579857794565553e-02
-8.325742634711601198e-02
-8.325904826958274718e-02
-8.326072477341667222e-02
-8.326245395546148786e-02
-8.326417446130401911e-02
-8.326582959964357045e-02
-8.326743203329575738e-02
-8.326905016971952733e-02
-8.327073095193492092e-02
-8.327245126687413124e-02
-8.327414180232163565e-02
-8.327576127944008588e-02
-8.327734496600298908e-02
-8.327896418406099954e-02
-8.328064776828597582e-02
-8.328235304483025403e-02
-8.328400943068453577e-02
-8.328559638645167962e-02
-8.328716824038770450e-02
-8.328879177563312808e-02
-8.329047485766027936e-02
-8.329215860518945913e-02
-8.329377857445594002e-02
-8.329533804024261134e-02
-8.329690458692309840e-02
-8.329853380619621495e-02
-8.330021149635066791e-02
-8.330186760687036118e-02
-8.330345116111058379e-02
-8.330498947884616701e-02
-8.330655625273047926e-02
-8.330819055218205427e-02
-8.330985677007302082e-02
-8.331148025600401685e-02
-8.331302971841110516e-02
-8.331455383845742801e-02
-8.331612492958842542e-02
-8.331776175287128328e-02
-8.331940979165915195e-02
-8.332099744013028719e-02
-8.332251719533191603e-02
-8.332403397366464071e-02
-8.332561171364676056e-02
-8.332724670618929519e-02
-8.332886994342718345e-02
-8.333042076164609568e-02
-8.333191674508559632e-02
-8.333343232538321932e-02
-8.333501709047613781e-02
-8.333664442574800768e-02
-8.333823710171765764e-02
-8.333975246576753870e-02
-8.334123151248470918e-02
-8.334275082710104754e-02
-8.334434095393886133e-02
-8.334595385721825511e-02
-8.334751179708768665e-02
-8.334899528562320081e-02
-8.335046445303508078e-02
-8.335199083645127016e-02
-8.335358267770728857e-02
-8.335517412937679116e-02
-8.335669527701264347e-02
-8.335815224416838476e-02
-8.335961819037596143e-02
-8.336115308864872064e-02
-8.336274125582436578e-02
-8.336430479642437108e-02
-8.336578946368738974e-02
-8.336722645307462209e-02
-8.336869490321402454e-02
-8.337023768362650245e-02
-8.337181551229815024e-02
-8.337334602334711686e-02
-8.337479682671784798e-02
-8.337622093455782091e-02
-8.337769623030978627e-02
-8.337924412910679983e-02
-8.338080435601219476e-02
-8.338229867868113265e-02
-8.338372020772269466e-02
-8.338513847217210451e-02
-8.338662319236643528e-02
-8.338817145919960594e-02
-8.338970703738675383e-02
-8.339116432421422864e-02
-8.339256263484853826e-02
-8.339398148197627036e-02
-8.339547614553755039e-02
-8.339701843123897840e-02
-8.339852335717964915e-02
-8.339994511817988565e-02
-8.340132715176756806e-02
-8.340275189359788732e-02
-8.340425479211788229e-02
-8.340578377902491125e-02
-8.340725378922445032e-02
-8.340864366606406954e-02
-8.341001666653632962e-02
-8.341145104165195723e-02
-8.341295827161541998e-02
-8.341446647951655802e-02
-8.341589950325907499e-02
-8.341726285486368575e-02
-8.341863381162167856e-02
-8.342007958453889760e-02
-8.342158533846058543e-02
-8.342306598237866910e-02
-8.342446230083080949e-02
-8.342580569404708934e-02
-8.342718080492406152e-02
-8.342863747933823571e-02
-8.343013460738044063e-02
-8.343158236161946073e-02
-8.343294449532867585e-02
-8.343427516787696452e-02
-8.343565931303097150e-02
-8.343712403995169613e-02
-8.343860482494011577e-02
-8.344001637183015574e-02
-8.344134876986780691e-02
-8.344267408993744084e-02
-8.344407033532849627e-02
-8.344553808909209447e-02
-8.344699511614767085e-02
-8.344836941815800269e-02
-8.344967803507713500e-02
-8.345100494926518953e-02
-8.345241414051611517e-02
-8.345387818902305632e-02
-8.345530516288149347e-02
-8.345664346787687315e-02
-8.345793529073700090e-02
-8.345926974915915397e-02
-8.346069028686506353e-02
-8.346214291192614876e-02
-8.346353529280926831e-02
-8.346484093525577408e-02
-8.346612348129536785e-02
-8.346746985801944962e-02
-8.346889774189389377e-02
-8.347033109888521429e-02
-8.347168648382119471e-02
-8.347296456078989735e-02
-8.347424533349749598e-02
-8.347560590608218978e-02
-8.347703509127596400e-02
-8.347844206194499073e-02
-8.347976030854917240e-02
-8.348101728811849198e-02
-8.348230317600859041e-02
-8.348367776362172754e-02
-8.348510080124638133e-02
-8.348647570393516459e-02
-8.348775884878205378e-02
-8.348900212760378137e-02
-8.349029876005618911e-02
-8.349168462199962892e-02
-8.349309348432754074e-02
-8.349443255672296671e-02
-8.349568460014428206e-02
-8.349692199294951600e-02
-8.349823311651781432e-02
-8.349962517330400402e-02
-8.350101212083368973e-02
-8.350231375905231568e-02
-8.350354036997363616e-02
-8.350477950846849073e-02
-8.350610648906450773e-02
-8.350749785736438779e-02
-8.350885620679318611e-02
-8.351012100202540034e-02
-8.351132915625139597e-02
-8.351257680446363962e-02
-8.351391837089072734e-02
-8.351530112768196235e-02
-8.351662582434074555e-02
-8.351785646226361770e-02
-8.351905399153601584e-02
-8.352031533668635710e-02
-8.352166764767743334e-02
-8.352303368720929988e-02
-8.352432165213799498e-02
-8.352552272570003267e-02
-8.352671774617677347e-02
-8.352799577300451528e-02
-8.352935282129780870e-02
-8.353069466058379855e-02
-8.353194494222351829e-02
-8.353312268888624104e-02
-8.353432290534551496e-02
-8.353561798115216597e-02
-8.353697226860967717e-02
-8.353828369398430542e-02
-8.353949748340826209e-02
-8.354065941899360692e-02
-8.354187135505994344e-02
-8.354318112797222418e-02
-8.354452448541682674e-02
-8.354580099630212753e-02
-8.354698155475359655e-02
-8.354813596249238694e-02
-8.354936422297351561e-02
-8.355068387164002464e-02
-8.355200827831182897e-02
-8.355324734636528083e-02
-8.355439985547691295e-02
-8.355555511268092372e-02
-8.355680181399255391e-02
-8.355812460530062658e-02
-8.355942289042404825e-02
-8.356062408680443865e-02
-8.356175538965038285e-02
-8.356291916885333348e-02
-8.356418365953539873e-02
-8.356550170226297036e-02
-8.356676807051177658e-02
-8.356793310939650277e-02
-8.356905129064831628e-02
-8.357022973422643941e-02
-8.357150867015608608e-02
-8.357281372191406599e-02
-8.357404410830487906e-02
-8.357517681841257484e-02
-8.357629058973513325e-02
-8.357748759828501073e-02
-8.357877535551150316e-02
-8.358005955700764655e-02
-8.358125185746352603e-02
-8.358235804786459666e-02
-8.358347595739384905e-02
-8.358469273108783126e-02
-8.358598206308040512e-02
-8.358723852700997159e-02
-8.358839275305773864e-02
-8.358947991218790285e-02
-8.359060946414456628e-02
-8.359184438863447031e-02
-8.359312719183807638e-02
-8.359435043820331868e-02
-8.359546881128655793e-02
-8.359654558772741662e-02
-8.359769241100800663e-02
-8.359894130040695925e-02
-8.360020935607487269e-02
-8.360139563278898289e-02
-8.360248258562436030e-02
-8.360355804752697684e-02
-8.360472526576009922e-02
-8.360598189326098884e-02
-8.360722749869781145e-02
-8.360837503671611493e-02
-8.360943705359678846e-02
-8.361051979370878739e-02
-8.361170771435932902e-02
-8.361296450584090878e-02
-8.361418097188362542e-02
-8.361529019634458826e-02
-8.361633542360975835e-02
-8.361743264043114410e-02
-8.361863880742202715e-02
-8.361988756335014816e-02
-8.362106960802936917e-02
-8.362214327764716515e-02
-8.362318087637936326e-02
-8.362429759148067021e-02
-8.362551716046957850e-02
-8.362674970607886227e-02
-8.362789379411959823e-02
-8.362893699744368414e-02
-8.362997628041143883e-02
-8.363111483267082757e-02
-8.363234116141332608e-02
-8.363354988586611805e-02
-8.363465454330561155e-02
-8.363567446774393399e-02
-8.363672393513954528e-02
-8.363788382920447906e-02
-8.363910915018279990e-02
-8.364028745360896355e-02
-8.364135353851552546e-02
-8.364235895818677990e-02
-8.364342539232691442e-02
-8.364460349327083877e-02
-8.364581955748143227e-02
-8.364696225459536394e-02
-8.364799311413084748e-02
-8.364899360870119149e-02
-8.365008138663304615e-02
-8.365127237636330038e-02
-8.365247101211645275e-02
-8.365357473036078018e-02
-8.365457614869098446e-02
-8.365558114392379618e-02
-8.365669187702978737e-02
-8.365788884717648144e-02
-8.365906243924972618e-02
-8.366012600486376349e-02
-8.366110586293856732e-02
-8.366212364445214933e-02
-8.366325617294682881e-02
-8.366445123541095541e-02
-8.366559316982716266e-02
-8.366661791938991011e-02
-8.366758554562524208e-02
-8.366862241578409964e-02
-8.366977310278581048e-02
-8.367095794511074380e-02
-8.367206306573367336e-02
-8.367305298204494313e-02
-8.367401825351708511e-02
-8.367507796889014915e-02
-8.367624118300297231e-02
-8.367740755781113982e-02
-8.367847264338108826e-02
-8.367943421503767909e-02
-8.368040654239430887e-02
-8.368149009687839146e-02
-8.368265876161043448e-02
-8.368379894852151502e-02
-8.368482316083919459e-02
-8.368576491047588495e-02
-8.368675227821689711e-02
-8.368785801094727472e-02
-8.368902413292486631e-02
-8.369013142540446260e-02
-8.369111662906714155e-02
-8.369204833290216916e-02
-8.369305655470739291e-02
-8.369418049311264096e-02
-8.369533564019583649e-02
-8.369640488255200572e-02
-8.369735571978870192e-02
-8.369828742374821329e-02
-8.369931971398196502e-02
-8.370045603382680888e-02
-8.370159179062364174e-02
-8.370261993427789704e-02
-8.370354356770506876e-02
-8.370448456270622450e-02
-8.370554144151808040e-02
-8.370668294385499864e-02
-8.370779139977438388e-02
-8.370877798872508602e-02
-8.370968349415533472e-02
-8.371064142370387984e-02
-8.371172089466144550e-02
-8.371285945173365106e-02
-8.371393376283334242e-02
-8.371488122410439270e-02
-8.371577870210930583e-02
-8.371675893527218137e-02
-8.371785682847844579e-02
-8.371898381100889575e-02
-8.372001882706794906e-02
-8.372093245183304111e-02
-8.372183200001168113e-02
-8.372283732706330139e-02
-8.372394770072051629e-02
-8.372505443949893045e-02
-8.372604732363821134e-02
-8.372693488020814534e-02
-8.372784560171109280e-02
-8.372887622624830550e-02
-8.372999176038839475e-02
-8.373107009673540213e-02
-8.373202081527103546e-02
-8.373289181950044346e-02
-8.373382102553136863e-02
-8.373487476538754581e-02
-8.373598714163577039e-02
-8.373703008225177880e-02
-8.373794163136030755e-02
-8.373880638456712711e-02
-8.373975908664527124e-02
-8.374083167652403292e-02
-8.374193198882631806e-02
-8.374293441658753334e-02
-8.374381268919503518e-02
-8.374468124885170450e-02
-8.374565995393692952e-02
-8.374674536803097813e-02
-8.374782462742065559e-02
-8.374878395800131048e-02
-8.374963722984496428e-02
-8.375051848512070352e-02
-8.375152323344761673e-02
-8.375261400123043543e-02
-8.375366377338189228e-02
-8.375458041568258072e-02
-8.375541851911531832e-02
-8.375631950067381759e-02
-8.375734804754716989e-02
-8.375843559385767745e-02
-8.375944875001174739e-02
-8.376032624295884355e-02
-8.376115957024857228e-02
-8.376208504840292057e-02
-8.376313309795138662e-02
-8.376420817240741445e-02
-8.376517966557588124e-02
-8.376602442407296567e-02
-8.376686293385512960e-02
-8.376781527944077155e-02
-8.376887672280786123e-02
-8.376992997688942344e-02
-8.377085750481863546e-02
-8.377167819506263491e-02
-8.377253057650216328e-02
-8.377350980316386475e-02
-8.377457697344586895e-02
-8.377559969679029828e-02
-8.377648410375618249e-02
-8.377729075375811574e-02
-8.377816384171983544e-02
-8.377916773468808975e-02
-8.378023173809967528e-02
-8.378121669607899169e-02
-8.378206200491705724e-02
-8.378286501118642482e-02
-8.378376346605431735e-02
-8.378478773172366723e-02
-8.378583892666513488e-02
-8.378678117670394776e-02
-8.378759422002488022e-02
-8.378840341837953676e-02
-8.378932961552248981e-02
-8.379036804206438371e-02
-8.379139670716814758e-02
-8.379229423836220825e-02
-8.379308394873320742e-02
-8.379390787598992030e-02
-8.379486191601426270e-02
-8.379590659143026921e-02
-8.379690376015491715e-02
-8.379775781530422740e-02
-8.379853430822356564e-02
-8.379937970924808410e-02
-8.380035947043018574e-02
-8.380140113477782537e-02
-8.380235950142153611e-02
-8.380317450096275156e-02
-8.380394811776596675e-02
-8.380481967660484421e-02
-8.380582087691232362e-02
-8.380684947445493638e-02
-8.380776422305138973e-02
-8.380854729808984160e-02
-8.380932775935080736e-02
-8.381022798139337038e-02
-8.381124427698102841e-02
-8.381224972299990139e-02
-8.381311911869973597e-02
-8.381387934681942820e-02
-8.381467510916196240e-02
-8.381560427051190643e-02
-8.381662746314563761e-02
-8.381760056671447301e-02
-8.381842618645209131e-02
-8.381917368114730205e-02
-8.381999151474263388e-02
-8.382094762564083756e-02
-8.382196806154011692e-02
-8.382290147693891025e-02
-8.382368803222778331e-02
-8.382443304729732259e-02
-8.382527778614320968e-02
-8.382625657147818599e-02
-8.382726378106250542e-02
-8.382815282331158857e-02
-8.382890761868032337e-02
-8.382965979226168762e-02
-8.383053417770491844e-02
-8.383152913357780345e-02
-8.383251269520275439e-02
-8.383335586529416794e-02
-8.383408801178371395e-02
-8.383485580706162565e-02
-8.383576035619511035e-02
-8.383676297156913981e-02
-8.383771350574467651e-02
-8.383851262768841905e-02
-8.383923216814880008e-02
-8.384002249563073106e-02
-8.384095537239860674e-02
-8.384195559358577354e-02
-8.384286573549330768e-02
-8.384362569293765666e-02
-8.384434278478988811e-02
-8.384516074116730999e-02
-8.384611766781976949e-02
-8.384710463154355919e-02
-8.384796981148016914e-02
-8.384869795884511423e-02
-8.384942220799884716e-02
-8.385027085612309361e-02
-8.385124514931877049e-02
-8.385220813397013806e-02
-8.385302702623387283e-02
-8.385373241023635904e-02
-8.385447237858116576e-02
-8.385535252330360290e-02
-8.385633535090222801e-02
-8.385726482190369868e-02
-8.385803939403563279e-02
-8.385873193811350934e-02
-8.385949478390754275e-02
-8.386040475483863554e-02
-8.386138567777234876e-02
-8.386227425839483385e-02
-8.386300944194129137e-02
-8.386369921627975788e-02
-8.386449039496327029e-02
-8.386542590476238346e-02
-8.386639370146871386e-02
-8.386723690207976978e-02
-8.386793998452760079e-02
-8.386863662238777661e-02
-8.386945958516145438e-02
-8.387041376525952718e-02
-8.387135745588844560e-02
-8.387215404364289917e-02
-8.387283392458377840e-02
-8.387354617641304411e-02
-8.387440204930593501e-02
-8.387536575741780243e-02
-8.387627567911540294e-02
-8.387702765140221672e-02
-8.387769410276947613e-02
-8.387842946955259560e-02
-8.387931675674933918e-02
-8.388027920084337175e-02
-8.388114795738840779e-02
-8.388186016985506310e-02
-8.388252319532940593e-02
-8.388328756994067881e-02
-8.388420197568891012e-02
-8.388515162183896035e-02
-8.388597475160086692e-02
-8.388665431759556590e-02
-8.388732363941760195e-02
-8.388812091272307425e-02
-8.388905539356836250e-02
-8.388998104568309855e-02
-8.389075731552195214e-02
-8.389141291870882977e-02
-8.389209755763007981e-02
-8.389292920231442019e-02
-8.389387433511283354e-02
-8.389476621998534500e-02
-8.389549753905217733e-02
-8.389613877996746072e-02
-8.389684665962443555e-02
-8.389771136572771182e-02
-8.389865605232132983e-02
-8.389950673288937288e-02
-8.390019776166318666e-02
-8.390083460343816801e-02
-8.390157211647294999e-02
-8.390246559263817017e-02
-8.390339803899393711e-02
-8.390420301655619750e-02
-8.390486059761792514e-02
-8.390550290904466579e-02
-8.390627442553215409e-02
-8.390718948046836656e-02
-8.390809831358977955e-02
-8.390885625410961224e-02
-8.390948879793676263e-02
-8.391014593973064595e-02
-8.391095330130982077e-02
-8.391188027652779491e-02
-8.391275562151345735e-02
-8.391346822812499606e-02
-8.391408515121143163e-02
-8.391476553363930169e-02
-8.391560763374730780e-02
-8.391653518270883461e-02
-8.391736952897088653e-02
-8.391804115474030268e-02
-8.391865240510745783e-02
-8.391936296853419464e-02
-8.392023554634459037e-02
-8.392115167028965650e-02
-8.392194040837189228e-02
-8.392257753854354130e-02
-8.392319318033782116e-02
-8.392393880548539020e-02
-8.392483456481525383e-02
-8.392572774908566013e-02
-8.392646934079957266e-02
-8.392708006368813922e-02
-8.392770985276692963e-02
-8.392849277307853906e-02
-8.392940187920408524e-02
-8.393026214766186044e-02
-8.393095797620463150e-02
-8.393155151404246839e-02
-8.393220439560147850e-02
-8.393302373407782180e-02
-8.393393465763529515e-02
-8.393475438542988276e-02
-8.393540839240620777e-02
-8.393599469823170844e-02
-8.393667819625770521e-02
-8.393752976232642105e-02
-8.393843035621584292e-02
-8.393920474525289055e-02
-8.393982298057800495e-02
-8.394041235056724781e-02
-8.394113188288664096e-02
-8.394200833263479322e-02
-8.394288697155487255e-02
-8.394361417766707523e-02
-8.394420436329930180e-02
-8.394480698797639195e-02
-8.394556520579754544e-02
-8.394645659827809636e-02
-8.394730319917417805e-02
-8.394798417803064905e-02
-8.394855532985608104e-02
-8.394918072289428435e-02
-8.394997701458691008e-02
-8.395087170852930103e-02
-8.395167848715344439e-02
-8.395231667323244107e-02
-8.395287876038691477e-02
-8.395353505545086192e-02
-8.395436535321870730e-02
-8.395525110950004255e-02
-8.395601300113504639e-02
-8.395661393763934055e-02
-8.395717751068637602e-02
-8.395787068652227347e-02
-8.395872766798223585e-02
-8.395959277831586964e-02
-8.396030753570879468e-02
-8.396087853550619762e-02
-8.396145424319234607e-02
-8.396218739925614960e-02
-8.396306109568528464e-02
-8.396389536093226691e-02
-8.396456341253885625e-02
-8.396511326768282824e-02
-8.396571121213274036e-02
-8.396648404753030703e-02
-8.396736278030722533e-02
-8.396815821095678090e-02
-8.396878239641683561e-02
-8.396932109147586809e-02
-8.396995003405891000e-02
-8.397075866759856622e-02
-8.397163016162403903e-02
-8.397238135185453034e-02
-8.397296664081962958e-02
-8.397350498753283765e-02
-8.397417149055350083e-02
-8.397500870048804633e-02
-8.397586119032608709e-02
-8.397656539996554981e-02
-8.397711865207696524e-02
-8.397766776519881293e-02
-8.397837541175756648e-02
-8.397923128638901114e-02
-8.398005444705804179e-02
-8.398071148648952877e-02
-8.398124124438774429e-02
-8.398181182202660300e-02
-8.398256067597845154e-02
-8.398342357647328726e-02
-8.398420917004342789e-02
-8.398482120358817526e-02
-8.398533745309290366e-02
-8.398593889557215419e-02
-8.398672533556363062e-02
-8.398758300707412361e-02
-8.398832521869403767e-02
-8.398889657828950694e-02
-8.398941038297706718e-02
-8.399004985823717295e-02
-8.399086684992124185e-02
-8.399170749579953910e-02
-8.399240301174998313e-02
-8.399294005603555324e-02
-8.399346298914157904e-02
-8.399414460377885305e-02
-8.399498238197591893e-02
-8.399579554393427072e-02
-8.399644347499862773e-02
-8.399695446167988744e-02
-8.399749781327915665e-02
-8.399822205705206879e-02
-8.399906910193052911e-02
-8.399984625624967727e-02
-8.400044801743432321e-02
-8.400094290489472371e-02
-8.400151671937970688e-02
-8.400228031130582695e-02
-8.400312444555999014e-02
-8.400385930950290958e-02
-8.400441853206971898e-02
-8.400490861019319078e-02
-8.400552068251129767e-02
-8.400631686804380105e-02
-8.400714629191265159e-02
-8.400783490824911826e-02
-8.400835739688311543e-02
-8.400885467506927218e-02
-8.400950967849471485e-02
-8.401032893188167816e-02
-8.401113305129440101e-02
-8.401177375931870306e-02
-8.401226744026188409e-02
-8.401278378554857817e-02
-8.401348270213623848e-02
-8.401431370372534901e-02
-8.401508368023802298e-02
-8.401567707754865888e-02
-8.401615183821138644e-02
-8.401669793809700415e-02
-8.401743791289484342e-02
-8.401826862237420090e-02
-8.401899765761403072e-02
-8.401954661207604313e-02
-8.402001392718690120e-02
-8.402059822350813056e-02
-8.402137287797682708e-02
-8.402219152473804076e-02
-8.402287495979650356e-02
-8.402338466317840759e-02
-8.402385694167491259e-02
-8.402448471927287388e-02
-8.402528486243976413e-02
-8.402608072152192853e-02
-8.402671606222170131e-02
-8.402719405141000075e-02
-8.402768371151239646e-02
-8.402835651422341234e-02
-8.402917110987656590e-02
-8.402993500982008923e-02
-8.403052197388416467e-02
-8.403097800709941056e-02
-8.403149637191194288e-02
-8.403221185943696159e-02
-8.403302906701047570e-02
-8.403375365879880987e-02
-8.403429428781247768e-02
-8.403473996770968735e-02
-8.403529614306989859e-02
-8.403604841123507585e-02
-8.403685652751541335e-02
-8.403753640511954504e-02
-8.403803521280997502e-02
-8.403848329731521127e-02
-8.403908322425465705e-02
-8.403986351388183229e-02
-8.404065169729250939e-02
-8.404128348134370929e-02
-8.404174754624652022e-02
-8.404221096809348646e-02
-8.404285682251565193e-02
-8.404365446638784043e-02
-8.404441320659213066e-02
-8.404499567818517203e-02
-8.404543455702695454e-02
-8.404592526001830599e-02
-8.404661530573587225e-02
-8.404741873012078202e-02
-8.404814010650357714e-02
-8.404867441806770922e-02
-8.404909976968799601e-02
-8.404962753635092376e-02
-8.405035644253344707e-02
-8.405115405734805978e-02
-8.405183188486439749e-02
-8.405232180126784303e-02
-8.405274666840271969e-02
-8.405331813811212083e-02
-8.405407767536554609e-02
-8.405485854768143805e-02
-8.405548852082628253e-02
-8.405594058295345894e-02
-8.405637836493004555e-02
-8.405699641437938685e-02
-8.405777637249360612e-02
-8.405853066105856142e-02
-8.405911057374781947e-02
-8.405953405138338885e-02
-8.405999728921750846e-02
-8.406066087453736846e-02
-8.406145001885882706e-02
-8.406216922560758031e-02
-8.406269927894804983e-02
-8.406310580131676202e-02
-8.406360496059506193e-02
-8.406430942242143489e-02
-8.406509633039196960e-02
-8.406577347368829334e-02
-8.406625660820792045e-02
-8.406665942529069346e-02
-8.406720188107277836e-02
-8.406793961805632265e-02
-8.406871330284404475e-02
-8.406934312157925138e-02
-8.406978525217642662e-02
-8.407019817019495411e-02
-8.407078756472793901e-02
-8.407154891415434539e-02
-8.407229922640570285e-02
-8.407287848383451778e-02
-8.407328849601650167e-02
-8.407372461978707134e-02
-8.407436068640174176e-02
-8.407513483062881154e-02
-8.407585270491554907e-02
-8.407638059055648483e-02
-8.407676998498413157e-02
-8.407724046117626138e-02
-8.407791930776151168e-02
-8.407869505558078493e-02
-8.407937271117874034e-02
-8.407985126259548414e-02
-8.408023340579429128e-02
-8.408074637527955530e-02
-8.408146112625865254e-02
-8.408222748735566521e-02
-8.408285869045149796e-02
-8.408329310086873343e-02
-8.408368213389447177e-02
-8.408424206287447300e-02
-8.408498369578172593e-02
-8.408573025106524934e-02
-8.408631069904502764e-02
-8.408670936201971535e-02
-8.408711890873277195e-02
-8.408772638722006310e-02
-8.408848458523035529e-02
-8.408920172857736741e-02
-8.408972954261743904e-02
-8.409010371922831517e-02
-8.409054559499638815e-02
-8.409119759003465255e-02
-8.409196146690595119e-02
-8.409264063183449767e-02
-8.409311686670793706e-02
-8.409347993652928344e-02
-8.409396306855486392e-02
-8.409465352655665082e-02
-8.409541215227245292e-02
-8.409604612857357608e-02
-8.409647515484020008e-02
-8.409684150880256115e-02
-8.409737123688815208e-02
-8.409809187015258869e-02
-8.409883461017401973e-02
-8.409941800392040090e-02
-8.409980760701288305e-02
-8.410019133055257612e-02
-8.410076917336666014e-02
-8.410151025536578839e-02
-8.410222700658626094e-02
-8.410275681932380398e-02
-8.410311789894890644e-02
-8.410353145134311093e-02
-8.410415532143512840e-02
-8.410490635424500150e-02
-8.410558779429808118e-02
-8.410606401927546438e-02
-8.410640985227145483e-02
-8.410686295562944115e-02
-8.410752771490562218e-02
-8.410827790593970732e-02
-8.410891585909230361e-02
-8.410934194028298061e-02
-8.410968706921460869e-02
-8.411018597547156861e-02
-8.411088416644096899e-02
-8.411162273599920303e-02
-8.411221070302121738e-02
-8.411259369518353513e-02
-8.411295259567064253e-02
-8.411349981446666901e-02
-8.411422239545265911e-02
-8.411493880446828386e-02
-8.411547262367038980e-02
-8.411582293413089051e-02
-8.411620867031779913e-02
-8.411680313869873693e-02
-8.411754009270044907e-02
-8.411822430999021938e-02
-8.411870283803134229e-02
-8.411903351357730152e-02
-8.411945659690445165e-02
-8.412009418159574481e-02
-8.412083494354512248e-02
-8.412147785448072235e-02
-8.412190350455686638e-02
-8.412222912773550942e-02
-8.412269674738087621e-02
-8.412337091628611929e-02
-8.412410464736043425e-02
-8.412469864669695763e-02
-8.412507761637358361e-02
-8.412541296671367796e-02
-8.412592867375294492e-02
-8.412663116865942703e-02
-8.412734697222759572e-02
-8.412788670151088999e-02
-8.412822876736392175e-02
-8.412858745897118518e-02
-8.412915128460148051e-02
-8.412987267038360417e-02
-8.413055987124765100e-02
-8.413104298193896380e-02
-8.413136082293826146e-02
-8.413175413482773535e-02
-8.413236303399854177e-02
-8.413309307536968873e-02
-8.413374166356260564e-02
-8.413416943651819135e-02
-8.413447755034662856e-02
-8.413491361841517191e-02
-8.413556207779013252e-02
-8.413628997803274112e-02
-8.413689125671580671e-02
-8.413726890451418694e-02
-8.413758227284257041e-02
-8.413806572599205613e-02
-8.413874637206045226e-02
-8.413946097256429224e-02
-8.414000836554991203e-02
-8.414034489046504084e-02
-8.414067760530200002e-02
-8.414120962706581053e-02
-8.414191371454979307e-02
-8.414260377901480736e-02
-8.414309367333988599e-02
-8.414340123976848940e-02
-8.414376530798760301e-02
-8.414434401700596200e-02
-8.414506175366176510e-02
-8.414571643833675119e-02
-8.414614888667781845e-02
-8.414644177003177683e-02
-8.414684626602050854e-02
-8.414746725733765476e-02
-8.414818800407200539e-02
-8.414879755188986454e-02
-8.414917665571949867e-02
-8.414946992237901102e-02
-8.414992057296799555e-02
-8.415057745979168113e-02
-8.415128990833248279e-02
-8.415184651944775107e-02
-8.415218036053344342e-02
-8.415248849031040090e-02
-8.415298767582005124e-02
-8.415367251596292397e-02
-8.415436497008903227e-02
-8.415486372025179906e-02
-8.415516379455467710e-02
-8.415549946305739271e-02
-8.415604653106562028e-02
-8.415675009801835971e-02
-8.415741096064127680e-02
-8.415785058745733904e-02
-8.415813079927481066e-02
-8.415850399158192330e-02
-8.415909572911653425e-02
-8.415980766996368490e-02
-8.416042617377395008e-02
-8.416080954635007938e-02
-8.416108491400541014e-02
-8.416150245653861162e-02
-8.416213356406990198e-02
-8.416284254915892826e-02
-8.416340968217131402e-02
-8.416374381577418351e-02
-8.416402909834011514e-02
-8.416449459656906440e-02
-8.416515805134786032e-02
-8.416585204386382857e-02
-8.416636153900525219e-02
-8.416665710252005383e-02
-8.416696556476152558e-02
-8.416747964773368951e-02
-8.416816691912934467e-02
-8.416883366863600613e-02
-8.416928287379570051e-02
-8.416955324177138875e-02
-8.416989573051023021e-02
-8.417045645222370753e-02
-8.417115761345335401e-02
-8.417178541246907175e-02
-8.417217585134972868e-02
-8.417243584685729640e-02
-8.417282026931083294e-02
-8.417342351393737598e-02
-8.417412735708985905e-02
-8.417470601267712516e-02
-8.417504349143720144e-02
-8.417530802598013895e-02
-8.417573922266805009e-02
-8.417637900377056281e-02
-8.417707328846275872e-02
-8.417759517737083419e-02
-8.417788937717066156e-02
-8.417817220408391199e-02
-8.417865212267958142e-02
-8.417932074071325654e-02
-8.417999268303250071e-02
-8.418045370431843921e-02
-8.418071730373011263e-02
-8.418103006027842505e-02
-8.418155808525051853e-02
-8.418224618888331401e-02
-8.418288323250043559e-02
-8.418328346313180832e-02
-8.418353092986329000e-02
